0.1956974 0.6047925 -0.7990561 -0.6485665 -0.804325
-0.280327 0.6660705 0.595315 1.811384 2.249372
1.81622 2.207739 -0.4710886 -1.102695 -1.090924
-0.793529 0.2345106 -0.238827 0.1769421 -0.2034645
-0.7720212 -0.8818757 -0.904087 -0.4340257 0.5858073
1.14634 1.857648 1.796473 1.292565 0.6033344
-0.6856737 0.1733001 0.4349251 1.59656 1.206318
0.7919268 0.5554116 -0.7189909 -1.021566 -0.9673134
-0.8785309 0.1667396 0.7648128 1.2402 1.867189
2.202658 1.560491 -0.6321367 -1.176777 0.5900929
0.9679159 1.410217 1.477557 0.1458003 0.138528
-1.122161 -0.6522912 -0.7885331 -0.601742 0.08669354
0.7687096 1.231528 2.310786 1.832446 0.9869577
-0.7218827 0.1829003 -0.3365597 1.034098 0.9791951
1.148411 -0.2090821 -0.2988814 -1.134161 -0.8771137
-0.8154177 -0.5815037 0.3245235 0.3399138 1.601685
1.552602 1.080154 0.4956838 -0.02136799 0.2279798
0.03411902 0.467415 1.254746 1.335059 0.1669247
-0.2918114 -0.3827802 -1.163004 -0.8458139 -1.07284
-0.5306011 -0.021412 1.02988 1.753443 0.7142791
1.247878 0.521595 -0.04375917 0.1095235 1.38507
0.7901621 -0.008503209 0.3810884 0.5533679 -0.4185023
-1.218838 -0.6333427 -0.9811669 -0.7356337 -0.4190252
-0.2359442 -0.6196322 1.129423 2.027343 1.051749
1.218709 0.5579367 -0.363343 0.5829605 1.559861
0.3847305 1.084842 0.6071623 -0.2479855 -1.163162
-1.165287 -1.218838 -1.218838 -1.218838 -0.4314687
-0.4702032 -0.9880487 -0.8424161 -0.6086089 -0.5270937
-0.1509989 1.316574 1.190049 0.5357894 0.1979274
0.3621709 1.450399 1.50079 1.359952 1.124629
-0.371242 -1.19499 -1.217494 -1.218838 -1.218838
-1.218838 -1.218838 -1.218838 0.3960361 -0.8240672
-1.212722 -1.188702 -0.9073339 0.330974 -0.08987137
0.1224436 1.151317 0.5324292 0.1037436 1.735506
1.110341 1.531338 1.555237 1.175008 -0.5355554
-0.5575024 -0.8197007 -1.218838 -1.218838 -1.218838
-1.218838 -1.218838 -1.218838 -0.6285789 -0.8187837
-0.797587 -0.7049007 -0.576602 -0.5432167 -0.2273557
-0.6070826 0.05417349 0.9667715 0.06688525 1.526975
1.37751 0.8738602 1.950507 0.5773008 0.05308774
0.5390871 0.0007102526 -1.218838 -1.218838 -1.218838
-1.218838 -1.218838 -0.4401469 0.1479271 -0.1751418
-0.3116237 -0.5120141 -0.4122616 -0.5337854 -0.7696899
-0.4268914 0.4499992 1.753644 0.01935953 0.6059396
2.078188 1.054451 1.925459 0.7586642 -0.5695493
-0.9006993 -1.12408 -1.045467 -1.218838 -1.218838
-1.218838 -1.218838 0.6878511 -0.1468809 0.001730871
0.342683 0.6510828 0.4536836 0.03158325 0.2669744
0.571124 0.8239603 1.901695 0.9653078 1.860456
1.796958 -0.7259361 0.7615006 0.8354256 -0.6125482
-1.166016 -1.218838 -1.218838 -1.218838 -1.218838
1.809003 -0.150864 -0.4603812 -0.679337 -0.6125935
-1.020609 -0.627076 -0.3466476 0.2091091 2.467279
1.667968 1.058355 0.9298965 0.9283791 0.3323377
-1.197528 -1.025434 -0.8159879 -0.1793802 -1.048884
-1.028105 -1.218838 -1.218838 -1.218838 -1.218838
0.6705084 -0.1868235 -0.8101726 -0.2264709 0.5518464
1.317778 0.7017033 0.3971453 1.166692 1.52221
0.3735499 1.001136 -0.6862659 -0.3421827 0.7623461
0.6259681 0.3584987 0.9583299 -0.8403731 -0.08776269
-0.9053004 -1.218838 -1.218838 -1.218838 -1.218838
1.447315 -0.017586 0.1869445 0.048732 0.1753955
0.4112797 0.07327925 1.680638 1.610367 -0.4554895
1.229334 0.581467 -0.7102932 -0.8808126 -0.9447952
-0.9648639 -0.7154893 -0.7512634 -0.7301242 -0.703452
-1.218838 -1.218838 -1.218838 -1.218838 -1.218838
1.284936 0.5715787 0.1137032 -0.3800129 -0.6488903
-0.2041195 0.8390829 2.345351 1.143044 0.6479624
2.184037 0.5541128 -0.1453327 -0.8385665 -1.139245
-1.057334 0.05294786 0.1999689 -1.202198 -1.218838
-1.218838 -1.218838 -1.218838 -1.218838 0.9664743
0.7293593 -0.008308077 -1.112416 -0.8073954 1.407244
2.11359 2.02821 1.112049 0.9805537 0.06098267
-0.1921136 -0.5885348 -1.088861 -0.493892 0.5336944
0.486646 -0.7002615 -1.218838 -1.218838 -1.218838
-1.218838 -1.218838 1.182279 1.492397 0.1226833
-1.111511 0.4285879 1.689675 1.556816 1.893022
1.263941 1.113297 0.5750628 0.5268182 -0.782967
-0.1924155 1.163418 -0.0367948 -0.8049693 -0.4826802
-1.051358 -1.218838 -1.218838 -1.218838 1.619062
1.602948 -0.6142739 -0.4861356 1.265296 1.992811
1.943006 0.94684 1.346867 0.6244151 1.291983
0.7712832 -0.1168126 -1.042566 0.3026197 0.5710135
0.3595023 0.5563244 0.1692912 -0.669749 -1.218838
-1.218838 -1.218838 0.8652009 -0.02616938 0.3633128
-0.1016234 0.5972562 1.551293 1.199306 1.441949
2.076672 1.358553 -0.2313794 -0.1657946 0.09589549
-0.01852157 -0.6509389 -0.9332593 0.8599704 1.364142
-0.1292904 -0.923309 -1.172902 -1.218838 -1.218838
-1.218838 0.118297 0.8358639 1.066239 0.2447872
1.43708 2.089916 1.011604 1.517163 2.011593
1.838964 0.8249861 0.1789234 -0.2068901 0.03245112
-0.4708368 0.3236559 0.7280012 -0.1950906 -0.9355393
-0.9584402 -1.218838 -1.218838 -1.218838 -1.218838
-1.218838 -1.218838 -1.218838 -1.218838 0.1404133
0.1272668 -0.2153593 0.9768795 1.3392 1.244856
0.9376907 1.732736 1.95887 1.098835 0.8274424
0.366629 -0.01461907 0.6132625 0.1811068 1.066883
0.4805205 -0.1260184 -0.5032858 -0.7773062 -1.218838
-1.218838 -1.218838 -1.218838 -1.218838 -1.218838
-1.218838 -1.218838 -1.218838 1.073897 0.4345097
1.269393 1.021605 1.750401 1.45043 0.02034873
1.157378 1.142655 0.8939129 0.6054359 0.007286519
1.0902 0.1861766 0.6116907 0.8201809 0.6324635
0.4992566 -0.5910768 -0.7927409 -1.218838 -1.218838
-1.218838 -1.218838 -1.218838 -1.218838 -1.218838
-1.218838 -1.218838 1.095211 -0.8662855 0.5388511
-0.6486048 -0.06479932 1.25944 0.1989021 0.733823
1.344164 0.8729495 0.09515477 -0.01538565 0.9575173
1.136915 0.8951919 0.3456127 0.07900647 -0.1775071
-0.7699393 -0.4790458 -0.9071094 -1.218838 -1.218838
-1.218838 -1.218838 -1.218838 -1.218838 -1.218838
-1.218838 0.5248773 -0.700071 -0.1475697 -0.6914029
-0.5121659 0.8061494 0.2951774 0.5581998 0.9588365
0.6213492 0.4124927 -0.02150584 0.4243005 0.1887154
1.397008 0.6039525 -0.05019068 -0.3181097 -0.6001439
0.5860239 0.05163759 -0.8306761 -0.8113236 -0.9536284
-0.3895676 -0.7242826 -1.218838 -1.218838 -1.218838
0.855096 0.1024424 -0.02035536 -1.118259 0.8962378
1.21464 1.768101 1.056346 0.900609 0.8970394
0.3550178 0.3616671 1.299577 0.6488566 0.5671098
0.5434217 0.8279865 0.3665805 0.8088002 -0.259906
1.637361 0.5148712 0.4084947 -0.8656315 0.9321869
0.6969779 -0.6783528 -1.218838 -1.218838 0.6297602
-0.4788089 -0.8449491 -1.188398 -0.8417725 -0.4766443
2.243378 0.764581 0.5084557 1.533879 1.712052
1.225745 0.5317099 0.2182157 0.8648808 0.6542297
1.419555 0.5072536 0.06407824 -0.08648919 0.8260911
1.884075 1.723917 0.7775439 1.550946 1.95364
-0.9873533 -1.218838 -1.218838 1.251964 0.7703809
-0.8215868 -1.126241 -0.7069968 0.8538978 2.616884
1.455697 1.172903 0.7820042 -0.4263224 1.046369
0.3219045 0.4371595 0.8969417 1.034084 1.313108
2.216237 1.157392 1.290926 1.867714 1.807301
1.366476 1.562298 1.201364 0.3183126 -1.218838
-1.218838 -1.218838 -0.6116783 -0.7335859 -0.9797558
-1.024887 -0.8180152 0.6151439 -0.3904379 -0.2725579
0.8174277 0.1133314 0.4867671 0.6802404 0.0829932
0.2642845 -0.1017541 0.6491218 0.4706657 1.163478
2.16661 2.284367 2.05574 1.050024 0.2740089
1.10936 -0.07430609 -1.201553 -1.218838 -1.218838
-1.218838 -1.049266 -1.084707 -1.13568 -1.161509
-0.7401459 0.1183358 0.4875833 1.608248 1.156702
1.009466 -0.08706382 1.316295 0.6008265 -0.3771529
0.6818292 0.5966297 1.235896 1.592744 1.330933
0.01463844 0.1121915 0.2337063 0.07959308 -0.4266311
-1.139732 -1.218838 -1.161814 -0.6475851 -0.008095206
-0.2347261 -0.06572325 -0.7074357 -0.04795999 -0.3265456
-0.4160884 0.8448346 1.017948 1.234689 0.5368889
1.250333 0.04617185 0.6847886 0.7035903 1.253719
1.818657 0.1967633 0.933735 -0.4151322 -1.13706
-1.218838 -1.204609 -1.191585 -1.120753 -1.20417
-1.11065 -0.4721993 -0.2318698 0.3187832 0.8180859
1.168219 1.281649 1.338933 1.781303 1.895925
1.075729 1.667027 1.95713 1.479595 1.267851
1.10642 -0.09471291 -1.118618 -1.218838 -1.089049
-0.9395992 -1.218838 -0.8246474 -1.019725 -0.4546981
-0.9009458 1.154564 0.798377 1.477174 1.878596
1.507002 1.272668 1.405468 0.821393 0.6344349
0.5779417 -0.1416106 0.124214 -1.218838 -1.218838
-1.145291 -1.172223 -0.8245715 -1.181824 -0.5105736
-0.06575331 0.6389486 -0.2270085 0.4117584 0.6863277
0.998568 1.152582 1.732627 0.8675419 -0.01658014
0.5527288 -0.9532382 -0.6717357 -1.176649 -1.218838
-0.7028376 -0.4231604 -1.007465 -0.3060835 -0.06534572
0.5772437 0.9705679 2.250979 0.9967972 1.557957
0.9539539 -0.1799025 0.5051454 -0.5882762 -1.197104
-1.218838 -1.218838 -1.017373 0.06501626 0.3278649
1.018808 1.976976 1.56776 -0.1957197 0.7883235
0.9148104 0.4971034 -0.05247931 -1.212298 -1.041618
-1.102709 -0.3370037 -0.223401 0.4850553 0.1355313
0.1060956 -0.4020552 0.09808568 -0.7692481 -1.041154
-1.141223 -0.7975188 -1.120374 -0.8564664 -1.20595
-1.090367 -1.218838 -1.081656 -0.8373053 -0.9301142
-1.218838
