4.071421 3.74785 4.399805 3.483055 3.275185
3.623283 3.545132 3.107482 3.524947 4.675955
4.364055 2.066927 2.751485 2.09627 5.615265
5.329634 3.741521 1.808726 3.605105 5.202047
5.749677 3.556883 4.20341 3.638707 3.355898
2.547258 4.015899 3.877799 2.831421 5.268127
3.847529 5.010482 4.971508 3.876934 3.233095
2.884271 3.172133 5.255133 5.083259 4.340663
4.429236 5.334164 3.659437 3.731667 5.780959
2.658192 3.96927 5.298822 5.701517 5.650191
4.244398 2.782183 3.829272 1.932665 4.123243
4.718352 3.992424 3.946636 4.685678 5.975426
3.545198 4.52373 4.002945 4.864771 4.272164
4.95199 5.286053 5.408779 4.712722 4.517839
3.706903 -1.948483 4.544914 5.287169 3.54627
3.863671 3.442158 3.606475 4.446501 3.291257
2.139229 4.038807 4.024919 4.253019 4.315787
5.087004 5.204333 5.930567 3.500033 1.880701
2.367436 4.469662 6.444737 4.322023 4.17106
3.386863 4.146136 5.153003 2.797515 3.984697
3.760535 3.707693 5.188193 5.840734 3.150576
3.80934 2.684825 5.585516 4.202162 3.682536
0.2659304 4.918931 5.788982 5.694216 4.723256
4.719545 4.716581 4.73202 2.884216 3.675572
3.842358 5.098416 5.625306 6.723746 4.245777
3.320218 3.55848 4.762435 2.698865 2.500525
-1.4107 2.314858 2.911148 1.487784 5.489202
6.601094 8.205661 6.608145 4.929402 4.494328
4.141815 3.310025 4.534926 3.691735 4.278429
4.651855 3.769236 4.63765 4.366165 3.33867
0.1861984 -5.415606 3.404069 3.643802 3.809897
6.209016 4.485909 4.343102 4.557014 7.231415
8.392401 6.6546 5.516362 4.762089 4.016086
4.228014 3.768089 4.058586 6.008816 3.065056
3.149845 3.327422 5.617989 3.047773 -0.7512046
1.942261 0.6134268 0.8526056 3.160935 3.17658
-1.415573 1.0783 4.192176 4.595071 6.178298
6.117555 5.503794 6.047035 6.058217 4.553547
5.127801 4.461924 3.581719 6.677272 4.87822
3.828209 4.284708 3.96393 1.792525 3.973559
4.698738 2.603067 1.009087 -0.7691227 -0.3444762
0.6302771 0.4858612 5.907079 4.74334 6.276916
4.469081 4.717125 4.538106 4.647256 4.94584
4.911114 4.225092 5.205424 5.384036 4.14578
3.690664 2.540334 4.745683 3.023077 -0.140444
3.025775 2.790571 -1.761095 1.143983 1.197091
3.574691 3.700404 4.912242 5.184136 4.762141
3.98596 3.329841 3.81395 4.19055 4.690129
4.280664 4.586403 2.786371 5.05617 4.299335
3.136031 1.46803 3.633036 3.726995 2.05292
1.162718 1.530173 3.106216 4.0935 6.007169
3.279057 4.970476 5.447483 4.21863 4.133258
4.630589 4.49113 5.405764 5.947213 2.724708
4.193849 4.75736 1.236857 3.795296 3.353331
2.112952 1.757274 1.546511 2.378044 1.207189
-1.646546 1.817442 3.87819 5.655962 5.031853
4.134958 5.668073 4.852651 4.194385 3.20214
3.048687 3.385087 4.432507 5.518454 6.090533
6.050114 3.072221 -1.023099 2.871631 4.713187
3.5871 3.9699 2.898055 -1.493702 1.848517
0.3038549 1.541263 3.585362 4.938077 6.346167
3.898177 4.224575 4.862153 3.675539 3.379962
3.775173 5.060689 3.607036 4.585637 8.007314
4.96076 2.370176 0.9512389 -2.052919 2.277257
1.854737 0.8564883 -0.3983266 1.157861 4.583318
4.884165 5.027366 5.893292 7.273442 8.726533
3.180723 3.392992 5.452335 4.742158 5.859936
4.264502 3.850206 2.10605 4.630253 5.705416
3.489036 3.564899 3.45311 1.806603 0.7689778
-4.722459 1.706171 3.515578 3.531632 2.339351
2.453583 3.699191 5.526766 6.588728 3.794241
3.324407 5.152374 5.068733 5.281338 3.283719
3.562533 2.298729 3.636681 4.045486 2.825898
0.5464355 2.577926 0.2156053 2.37336 3.787238
2.655779 2.537682 0.4595115 3.043879 5.091185
5.805222 5.29668 3.233386 3.224713 6.480867
6.203336 3.834613 0.9939592 1.410768 1.091858
2.891165 3.975079 3.785798 1.72104 0.09907409
2.573695 4.820008 0.4648078 -2.296761 0.9383826
2.611746 5.421479 5.217677 4.414162 3.539022
3.29417 5.230388 4.706678 2.633388 1.411722
2.198695 0.3627863 2.108583 3.011274 1.504846
2.659598 1.646238 0.1430218 1.278433 3.436637
1.541235 2.185668 1.383202 1.684424 3.552886
4.990613 4.683266 5.028163 4.621694 4.718333
4.513373 4.330551 2.841017 3.681712 2.516323
0.5415542 1.701877 1.268116 2.365304 3.410451
2.584423 2.081716 -2.170413 3.644392 1.777294
1.236232 -0.08267298 0.3687637 3.532233 4.540629
5.272847 2.212889 3.679351 4.357079 3.521771
2.492585 0.990477 1.290984 2.45498 0.5952794
1.160411 1.22772 1.085404 4.687834 3.479481
1.001365 4.083943 2.396416 1.838273 -3.943052
0.8386496 1.460126 2.619999 3.418368 5.085402
4.548201 5.443872 4.205835 4.521085 3.338956
5.9254 4.619044 3.453906 3.756367 1.961718
1.241149 1.051666 0.7947259 2.57214 3.570312
3.172945 5.605801 2.934981 3.076706 3.487248
1.911267 1.07343 -0.8771152 0.5644039 1.658732
1.763891 4.546794 4.869874 4.711902 4.269607
4.760511 3.65017 3.327117 2.493301 4.75725
3.435733 3.491742 2.649666 1.875066 2.031186
1.326679 1.284085 2.766758 1.316127 2.987171
3.033626 2.862946 2.424225 1.211523 3.173904
3.544239 0.1525546 -0.2876821 -3.222506 0.6055481
2.929527 5.350574 6.167213 4.635002 5.447613
4.236843 3.986824 3.291078 5.357777 4.557072
4.822712 4.203772 3.621933 2.244131 2.106872
1.072686 2.258246 3.703291 2.585017 1.819174
0.9951165 2.608469 0.9907967 2.020554 0.2368048
-0.1818516 -0.005747712 0.6707177 2.450057 3.132168
4.98036 4.761412 3.867776 3.215019 2.604444
3.567572 4.109581 5.501301 4.538331 4.031207
4.692239 3.154222 3.309197 1.826078 1.359977
1.893401 2.842845 3.55649 0.4435708 -0.02406344
0.6826978 0.4096521 1.090228 1.105879 -1.171921
2.779818 0.9248669 0.9910604 2.117831 2.244479
3.23671 0.4824494 0.1797375 3.104883 3.607697
5.215509 4.462112 5.01944 4.017915 3.658968
3.382892 1.141235 1.903358 1.487717 1.226399
1.82943 4.275929 1.917893 2.20949 2.892524
0.1151445 1.891419 -0.5665319 1.199615 2.467086
1.422263 0.7974349 0.6894844 -1.389826 2.475342
1.246504 2.311948 2.610572 3.717429 4.510533
4.792179 5.630717 5.06869 5.699921 4.339647
1.101441 2.629711 1.997721 2.033184 2.661075
4.088286 4.23327 5.279259 1.337456 1.048185
1.108906 0.6408132 1.128137 0.3281799 1.295832
2.481973 3.35816 1.427539 2.549893 1.649837
1.923542 3.719442 3.665486 3.325847 4.407662
5.59919 5.953188 5.63227 3.526168 1.591733
1.855765 1.918128 2.400625 3.955607 3.485371
2.187746 2.36035 0.7088864 1.928093 2.444805
2.690519 2.196767 3.111348 2.626954 2.311039
2.846689 2.312126 3.219275 3.274129 3.52273
3.815372 6.263524 4.638574 4.554857 6.956484
6.135026 5.516256 3.827975 4.010046 4.992617
2.481905 3.236976 4.243442 4.273202 2.382311
2.280566 -1.233319 0.952352 2.690579 1.055881
1.615179 1.807608 2.431844 4.29237 4.87169
4.015578 4.613451 5.194242 6.3126 5.106656
-1.783567 4.760266 5.438334 5.257971 4.859467
5.934088 3.872974 3.419488 3.142406 3.537491
3.10932 5.520241 2.91282 3.154096 2.742954
1.19672 1.100784 1.483765 2.238626 2.165893
2.137738 3.353454 6.062852 7.217273 6.469509
6.052168 5.344208 4.335039 4.403361 4.065062
3.657863 4.682693 4.564514 4.781915 4.589893
5.439245 3.209209 3.796938 3.19053 2.294059
2.22615 -2.238304 1.113683 1.583527 2.125204
3.653901 5.865356 5.833508 7.296963 7.565858
-2.076703 4.474758 5.563945 4.68218 3.782755
5.805271 5.359423 5.038493 4.677049 4.8031
3.568158 3.643774 3.137116 2.576797 3.124576
3.177389 2.614402 3.926151 4.518485 4.373854
6.059643 7.43791 6.494197 2.128024 3.622811
3.000441 4.612561 5.858162 5.134773 5.152767
7.100701 4.208943 2.758362 3.588974 3.304504
3.420891 3.441735 3.923926 5.565578 5.643788
4.300589 4.104361 5.257327 3.255506 2.887975
3.189712 5.322909 5.68628 5.528773 6.298329
6.188941 5.775429 5.09745 3.200225 5.096123
4.994667 3.995754 4.41211 4.745781 4.603371
4.338138 6.415736 4.178132 4.560652 2.0185
6.22484 6.048985 6.353772 7.789563 5.771363
5.599851 3.687186 2.853795 4.71427 4.280702
4.386771 2.728737 3.715514 5.093955 3.396073
1.832597 1.057363 8.488006 7.0525 4.762692
3.645695 2.944398 4.591193 4.839834 3.29506
0.8765798 4.789215 4.682878 -5.935482 4.538009
4.347539 6.043846 5.600182 6.820601 6.597437
5.121863 4.44894 4.514003 4.239296 2.785609
5.685094 7.031921 6.566562 6.077677 2.868198
2.958891 1.611316 3.370232 2.405451 -1.758906
2.691236
